0;76
997;77
1957;77
2978;76
3937;76
5017;77
6037;78
6937;79
8017;81
8978;82
9937;83
10958;83
11977;83
12937;83
13957;83
15037;83
15938;83
16957;83
17977;82
18997;82
19957;83
20977;83
21937;83
22957;88
24036;90
24937;90
25957;90
27097;90
27937;91
28958;91
30112;96
31102;104
32092;106
33081;107
34072;108
35062;108
36052;110
37041;111
38032;112
39022;113
40014;113
41002;112
41991;110
42982;101
43971;89
44961;86
45952;85
46941;85
47932;85
49416;85
50406;84
51396;84
52387;83
53376;83
54367;82
55357;81
56348;81
57337;80
58328;80
59318;81
60307;82
61297;82
62287;81
63284;80
64267;78
65258;78
66247;78
67236;77
68227;77
69217;76
70207;76
71197;76
72187;75
73177;74
74167;74
75651;72
76147;72
77137;71
78126;71
79118;71
80107;70
81096;68
